6.506584043377226789e-02
5.484059666569172237e-02
1.183294663573085798e-01
3.892617449664429602e-02
1.481975967957276374e-01
1.950192914766748498e-01
7.037331215250199057e-02
1.236641221374045752e-01
1.092436974789915902e-02
2.532953083156539997e-01
2.082186754723903965e-01
2.298940505297473458e-01
1.374269005847953140e-01
5.172413793103448204e-02
1.418500320444349427e-01
1.496062992125984370e-01
1.082180634662327084e-01
1.728331510198828913e-01
1.809045226130653328e-01
8.206381144006898165e-02
1.356393626391224350e-01
9.614059269469331370e-02
5.803869246164109624e-02
6.437768240343347270e-02
9.839816933638444174e-02
2.425350396099938965e-01
9.210526315789473173e-02
1.280135004821600642e-01
9.955634427684116605e-02
1.252900232018561433e-01
1.166223082506653713e-01
1.350771869639794120e-01
7.478904874643356460e-02
9.838709677419354982e-02
1.054804804804804763e-01
9.572546658639373429e-02
2.142857142857142738e-01
5.891719745222930016e-02
1.192067255874110776e-01
2.792281498297389253e-01
1.719945587485121608e-01
3.326915671929149276e-01
1.574429223744292228e-01
1.884057971014492794e-01
8.394666666666666943e-02
9.875518672199169734e-02
1.162162162162162227e-01
4.866508955728286734e-02
3.055555555555555455e-02
1.262675825973176291e-01
8.012820512820513497e-02
1.389662921348314706e-01
1.362612612612612573e-01
1.369863013698630061e-01
3.295010845986984793e-01
2.430398796087283597e-01
1.184554973821989460e-01
9.661495063469675848e-02
8.833151581243184336e-02
1.235955056179775247e-01
1.051282051282051294e-01
9.885931558935361074e-02
2.073324905183312195e-01
1.560549313358302048e-01
1.167664670658682680e-01
1.386861313868613110e-01
1.743161798794622130e-01
1.842475386779184321e-01
2.298850574712643646e-02
9.836065573770491621e-02
5.498721227621483632e-02
2.009884678747940745e-01
1.326326326326326410e-01
9.392575928008999042e-02
6.311044327573253621e-02
2.091503267973856273e-01
1.312500000000000056e-01
5.784469096671949334e-02
1.176905995558845258e-01
1.778443113772455175e-01
2.480620155038759655e-01
1.544514388489208745e-01
1.407284768211920500e-01
9.723889555822329278e-02
1.300992282249173182e-01
5.924097500771367125e-02
3.408434430964760176e-02
1.190108191653786729e-01
1.375711574952561689e-01
1.703853955375253526e-01
1.210084033613445381e-01
1.117848668600052719e-01
3.243823845327604705e-01
2.857142857142857054e-02
6.434058898847631880e-02
2.620519159456118907e-01
6.317411402157165068e-02
1.380670611439842321e-01
6.942889137737962013e-02
8.732565191024863060e-02
1.201456310679611672e-01
8.159611203478706054e-02
9.875904860392968609e-02
4.545454545454545581e-02
1.494057724957555122e-01
1.246404602109300042e-01
1.058020477815699717e-01
1.356852103120759767e-01
7.072691552062868037e-02
7.185628742514969802e-02
1.089108910891089105e-01
8.121827411167512056e-02
2.898550724637681195e-02
7.466973004020677207e-02
3.139013452914798247e-02
4.663677130044843050e-02
1.388329979879275589e-01
9.665427509293680886e-02
7.758620689655172653e-02
1.883116883116883189e-01
2.654867256637168382e-01
9.876543209876542662e-02
1.027667984189723355e-01
2.320675105485232037e-01
1.250000000000000000e-01
1.847700038654812582e-01
1.598837209302325646e-01
8.034188034188034788e-02
2.267924528301886733e-01
2.699386503067484622e-01
1.536748329621380749e-01
1.087499999999999994e-01
3.485873458018304838e-01
1.122489168964159179e-01
3.176403857061826375e-01
9.690444145356662264e-02
1.766848816029144009e-01
1.038961038961039030e-01
2.968026460859977678e-01
1.970802919708029288e-01
2.060439560439560336e-01
1.214953271028037379e-01
1.588330632090761696e-01
2.276595744680851019e-01
2.867383512544802865e-02
2.142857142857142738e-01
7.317073170731706877e-02
1.061151079136690711e-01
1.000000000000000056e-01
1.460674157303370746e-01
5.992509363295880215e-02
2.212389380530973421e-02
2.386363636363636465e-01
9.020771513353115223e-02
2.129999999999999949e-01
1.454202077431539231e-01
1.310344827586207017e-01
1.467181467181467303e-01
1.835842642059252183e-01
6.018518518518518184e-02
1.138392857142857123e-01
1.141141141141141097e-01
2.872531418312387896e-02
1.576763485477178373e-01
3.253968253968254065e-01
1.268533772652388758e-01
2.004264392324093813e-01
1.250000000000000000e-01
2.801724137931034531e-02
8.873720136518771506e-02
2.696629213483145993e-01
9.967845659163987460e-02
7.847082494969818967e-02
2.107574094401756248e-01
4.693611473272490259e-02
1.589403973509933773e-02
1.347517730496453903e-01
1.381957773512476062e-01
3.322499097146984492e-02
1.525054466230936767e-01
1.229773462783171484e-01
3.041144901610018034e-02
1.637312459230267359e-01
5.582524271844660491e-02
9.632709632709632319e-02
1.396508728179551018e-01
9.252669039145906826e-02
1.145251396648044734e-01
1.397058823529411797e-01
1.265822784810126667e-01
9.569074778200253872e-02
1.710526315789473728e-01
7.342657342657342434e-02
7.068366164542294605e-02
1.196687370600414135e-01
1.291585127201565486e-01
9.268747088961341862e-02
1.720430107526881858e-01
1.774744027303754301e-01
1.932114882506527354e-01
9.046052631578947734e-02
1.564482029598308621e-01
1.312000000000000111e-01
1.929474384564204836e-01
8.609271523178807506e-02
8.739837398373984101e-02
2.835472578763127416e-01
8.557692307692307820e-02
1.542288557213930267e-01
1.067357512953367865e-01
1.153081510934393650e-01
3.339712918660286967e-01
1.756373937677053743e-01
8.607594936708860833e-02
3.057757644394110824e-02
1.025641025641025605e-01
4.681647940074906700e-02
6.885758998435054234e-02
1.093333333333333379e-01
4.638472032742155249e-02
9.602649006622517025e-02
4.000000000000000083e-02
1.609195402298850552e-01
4.591532498509242471e-02
4.674796747967479432e-02
1.171679197994987404e-01
1.149425287356321823e-01
2.608695652173912971e-01
1.946308724832214732e-01
2.355250245338567222e-02
6.288032454361054679e-02
1.408450704225352144e-02
8.620689655172414367e-02
1.098039215686274495e-01
1.218697829716193642e-01
3.145071982281284484e-01
4.088050314465408591e-02
1.523437500000000000e-01
3.016344725111441138e-01
7.769145394006658767e-02
6.208425720620842914e-02
1.595394736842105365e-01
6.443914081145585282e-02
4.455445544554455239e-02
1.377410468319559267e-01
1.556420233463035041e-02
8.540925266903914848e-02
2.170542635658914699e-01
1.587301587301587213e-02
1.818181818181818232e-01
1.771653543307086590e-02
1.673306772908366435e-01
7.407407407407406996e-02
1.779141104294478526e-01
1.169451073985680184e-01
1.848341232227488085e-01
3.200000000000000067e-02
3.539192399049881366e-01
1.317073170731707377e-01
8.447937131630647856e-02
8.620689655172414367e-02
5.787781350482314874e-02
5.084745762711864736e-02
1.694915254237288060e-01
1.861198738170347089e-01
8.450704225352112520e-02
7.082452431289640304e-02
3.621581670362158251e-02
4.319654427645788081e-02
1.395348837209302306e-01
8.163265306122448328e-02
9.933774834437085477e-02
1.306818181818181768e-01
2.211055276381909684e-01
2.422480620155038900e-02
8.583690987124463490e-02
1.600000000000000033e-01
1.090909090909090856e-01
1.247443762781186155e-01
1.038961038961039030e-01
7.075471698113207364e-02
2.260869565217391297e-01
1.394557823129251584e-01
3.937007874015747977e-02
6.442577030812324246e-02
8.904109589041095396e-02
1.791767554479418989e-01
1.502890173410404706e-01
2.800000000000000266e-01
3.037694013303769425e-01
9.050772626931567755e-02
4.528301886792452519e-02
9.239130434782608092e-02
4.591836734693877792e-02
1.017699115044247843e-01
5.607476635514018620e-02
4.117647058823529355e-02
1.477572559366754634e-01
1.610169491525423602e-01
2.197802197802197974e-02
1.118881118881118880e-01
7.291666666666667129e-02
5.882352941176470507e-02
1.272727272727272596e-01
1.090909090909090856e-01
2.494331065759637298e-02
1.635687732342007428e-01
2.912482065997130665e-01
1.151142355008787366e-01
1.772151898734177222e-01
9.604519774011299749e-02
3.019801980198019709e-01
7.619047619047619735e-02
8.923076923076922462e-02
1.210526315789473700e-01
2.514285714285714457e-01
2.015810276679841917e-01
1.314741035856573648e-01
4.136253041362530219e-02
2.153110047846890085e-01
4.687500000000000000e-02
2.813975448536354951e-01
1.496598639455782309e-01
9.160305343511450371e-02
9.090909090909091161e-02
1.620111731843575376e-01
3.091922005571030585e-01
1.051212938005390840e-01
9.623430962343096362e-02
2.341463414634146478e-01
2.615384615384615530e-01
1.024096385542168641e-01
1.281138790035587227e-01
1.242774566473988374e-01
6.824146981627296493e-02
2.025316455696202500e-01
7.238605898123325055e-02
1.043478260869565161e-01
1.628959276018099589e-01
1.368421052631579038e-01
0.000000000000000000e+00
2.525252525252525415e-01
1.645569620253164445e-01
2.000000000000000111e-01
4.580152671755725186e-02
1.421319796954314818e-01
4.245283018867924280e-02
5.588235294117647328e-02
4.972375690607734600e-02
1.347517730496453903e-01
1.296296296296296224e-01
1.185185185185185230e-01
1.799163179916317967e-01
1.666666666666666574e-01
1.603773584905660299e-01
1.093750000000000000e-01
1.578947368421052544e-01
1.269841269841269771e-01
1.050228310502283047e-01
1.006944444444444475e-01
1.131498470948012203e-01
1.049180327868852458e-01
2.380952380952380820e-01
1.739130434782608647e-01
1.358024691358024616e-01
1.029411764705882304e-01
1.652892561983471120e-01
7.741935483870968082e-02
1.642335766423357601e-01
7.594936708860759722e-02
3.454545454545454586e-01
6.122448979591836593e-02
1.826086956521739135e-01
1.666666666666666574e-01
1.120000000000000023e-01
1.621621621621621712e-01
1.666666666666666574e-01
7.792207792207792028e-02
1.578947368421052544e-01
1.240875912408759135e-01
1.844660194174757295e-01
1.283783783783783716e-01
2.600000000000000089e-01
1.724137931034482873e-01
1.000000000000000056e-01
1.549295774647887203e-01
2.542372881355932090e-01
4.166666666666666852e-01
6.382978723404254817e-02
2.021276595744680715e-01
1.521739130434782705e-01
1.304347826086956486e-01
3.513513513513513709e-01
1.956521739130434867e-01
9.615384615384615918e-02
0.000000000000000000e+00
1.604938271604938183e-01
2.777777777777777624e-02
5.000000000000000000e-01
2.999999999999999889e-01
