1.528792667682432882e-01
2.586632489525677592e-01
2.417646001103366249e-01
5.379804702679708700e-02
2.732365982207668464e-01
3.405346721857432923e-01
1.642927019799944044e-01
2.104619627149633965e-01
2.156045409480488936e-02
6.079661776552831576e-01
3.647805979006839561e-01
4.768486387766862067e-01
2.914658527963134294e-01
8.877566857059260297e-02
2.949052962417302859e-01
3.289826657083754213e-01
2.915984510040192101e-01
3.191184626060682428e-01
3.460744346099193236e-01
1.798582429200126787e-01
2.036359411948929776e-01
2.097548870704983304e-01
1.621656025822444391e-01
1.088464943347220576e-01
1.924050192079067023e-01
5.355530488441105907e-01
1.677694748633443145e-01
2.626120790152235984e-01
2.106548619543425760e-01
2.510452809348753811e-01
3.627349388895170779e-01
2.519251933859129600e-01
1.326001308128804124e-01
1.659755318025432080e-01
2.029708225150257950e-01
1.617785298066654054e-01
5.103068374527243156e-01
1.380157948237840937e-01
2.193151869145058830e-01
5.594974865975019807e-01
3.113364541647721251e-01
5.621040088997405482e-01
3.030986584789157612e-01
3.302189628175576930e-01
1.943114136032610406e-01
1.794165568212249540e-01
2.693121424980963741e-01
8.995411529552184426e-02
4.660121179148721260e-02
2.408597413659818443e-01
1.867708037997612980e-01
2.771501954083375741e-01
1.964218631016311223e-01
2.069325901587684702e-01
7.059204874481654901e-01
3.812046232579771043e-01
2.407276980080383377e-01
1.914912407056991173e-01
1.423208907046945304e-01
2.738786937991498638e-01
1.571141707454657421e-01
1.579260376670839905e-01
3.958501038995949628e-01
2.692894411074707173e-01
4.357314716940737243e-01
2.690518029813608325e-01
2.682720396764786130e-01
2.365587372996667825e-01
5.459990959881863559e-02
2.564853756520270034e-01
1.162625900162573972e-01
5.474499807040716925e-01
3.493734369886263291e-01
1.862599212734304399e-01
1.813233797075314846e-01
3.728047678674204501e-01
2.701880424000145942e-01
1.076233459176160062e-01
2.478865237595257731e-01
3.085017012148652538e-01
4.637096681064214465e-01
3.172495103241428915e-01
2.676296253198168773e-01
1.934665794737020494e-01
1.889492447795917962e-01
1.922134804892000337e-01
5.919419019649150432e-02
2.575392900377379002e-01
2.168077255882295273e-01
2.860096634136858329e-01
1.893483005978848777e-01
2.534673401156933292e-01
5.494985932260113559e-01
4.921352635347025356e-02
1.003007831317986320e-01
4.314518380511230267e-01
1.048654806019432006e-01
3.350310781375092639e-01
2.450725848217502334e-01
1.386516424757474053e-01
1.960848951980190269e-01
1.571494261442921703e-01
1.657227605326004605e-01
7.767259234709805726e-02
3.164097413503899614e-01
1.882055930905166818e-01
1.526770461123279909e-01
2.361840920199216320e-01
1.205670638854644261e-01
2.014164005752780984e-01
2.940897528660046945e-01
1.387570399265897203e-01
4.559537105749923019e-02
2.049097137790163725e-01
8.185524319323084219e-02
9.271726759244763860e-02
2.295457943443778570e-01
1.615818473751779172e-01
1.825222798891007747e-01
3.702395998958722401e-01
5.045957723121665683e-01
1.591024834507560604e-01
1.654142824646324395e-01
3.458202881883347124e-01
1.869261747387644390e-01
3.343858678080309232e-01
3.850271852996093869e-01
1.342796793702979163e-01
6.534136736495222975e-01
4.563419282689584744e-01
2.651876271330745882e-01
3.009995811379269637e-01
5.840010662176904344e-01
3.823625098046546933e-01
5.347590626218539089e-01
1.872868001542070948e-01
3.877732706677275432e-01
1.961216429124507110e-01
5.168068257814335542e-01
3.685388091581705550e-01
3.320521790322008004e-01
2.158528180507206518e-01
3.511361750649869551e-01
3.708079961094636334e-01
4.368750898971806435e-02
3.596220824633256652e-01
1.078268749159272261e-01
1.350582215120962049e-01
1.608567748462343960e-01
2.710906529544804267e-01
1.065650965699800057e-01
7.013021599978494502e-02
4.288997441479309725e-01
2.929558761595860705e-01
4.003512118922616381e-01
2.531264530089541998e-01
1.729756049450548727e-01
2.616805752665541385e-01
3.199730300309643338e-01
1.230447647115914117e-01
1.876746176065036686e-01
2.092396208960984605e-01
5.800087157191931297e-02
2.709152589948352063e-01
5.284390947095520819e-01
2.020315405735349790e-01
3.354161663887029743e-01
2.690866528414362913e-01
5.798311324476274065e-02
1.365461419526059206e-01
4.960701567190369810e-01
2.134185179849763525e-01
1.339487867593198989e-01
4.625362066149633633e-01
1.367404431671508380e-01
3.375734071159421090e-02
2.377884034696448046e-01
2.807560618161476507e-01
6.070118659330957928e-02
2.680929537063589940e-01
2.178861461560374357e-01
7.027352280585361100e-02
3.025217286949670181e-01
1.487922285096381081e-01
2.973311406967573123e-01
2.229676714935077686e-01
1.713858044490340626e-01
2.268687784670170571e-01
3.237853801544021692e-01
2.606725217606173928e-01
1.763608846293160948e-01
3.311032505846224772e-01
2.552968960424701339e-01
1.319035524980776142e-01
2.449453200801703368e-01
2.061979025556213430e-01
1.584600159166656974e-01
3.919393582193156367e-01
2.810385210260962219e-01
5.057911986315861697e-01
1.440964818219502286e-01
3.806365968685590517e-01
2.758148710726476827e-01
3.944463009839803691e-01
1.235128364819281649e-01
1.693735022307760463e-01
6.080598977212202660e-01
1.358617291363658774e-01
2.821791494831886737e-01
1.819061346151094050e-01
2.276965848910918744e-01
5.968659016803807837e-01
3.194302831738719539e-01
1.559668891286341563e-01
1.577837466238156960e-01
3.093692466490808313e-01
8.334947108230385260e-02
2.087507631974276079e-01
1.787846208882842014e-01
8.674628410691979929e-02
3.933414430229069669e-01
2.158121831201867957e-01
2.398840989972232940e-01
9.989937977344888476e-02
1.024259688669169888e-01
2.274913183257090687e-01
2.315394537576918044e-01
5.275838267388337499e-01
4.181489696510154452e-01
3.995617957928503799e-02
1.215282425706087910e-01
6.908488728073767030e-03
1.574498810612028621e-01
2.535699167586090708e-01
1.704606565458087197e-01
6.429710843003610954e-01
1.065118327232982554e-01
2.881863604095523668e-01
4.885812659268849445e-01
1.257533479970341650e-01
1.001937262538591528e-01
3.028316639368026641e-01
1.324174676533018402e-01
6.629839093281073015e-02
2.706659663758913537e-01
4.431579467663872979e-02
1.479848444524249351e-01
3.449411555677199814e-01
3.153838899525070183e-02
3.467142982491740466e-01
6.089284656935309986e-02
2.467460195640068521e-01
1.139412177507506535e-01
3.240753315771508491e-01
2.958813992151292371e-01
3.309940950159557804e-01
4.149246468108154506e-02
6.262475109912206683e-01
2.034301752579553424e-01
2.242317709983662477e-01
1.243822751837773549e-01
1.109481768135045510e-01
2.118629045494176133e-01
4.766240904931358102e-01
3.348677644505059225e-01
1.494982542181333418e-01
1.357900895469993374e-01
9.232769177304051000e-02
5.593100584454589741e-02
2.719957485126747176e-01
1.332906610282878213e-01
1.998285465251115889e-01
2.758067226340545353e-01
3.555597196396473869e-01
4.467322945410945323e-02
1.373710963861734247e-01
3.084566674163285449e-01
2.506450810467076851e-01
2.469975563209460268e-01
1.640796656389588160e-01
1.268927964831732258e-01
3.503623645005204956e-01
1.998328139602066067e-01
7.291635972075644068e-02
1.093848153751793562e-01
2.137045625648631986e-01
3.353960019784132385e-01
3.388982231089566755e-01
3.585214172530736820e-01
4.881799325397496170e-01
1.912300145748299096e-01
1.402386706761798441e-01
1.924761996479010806e-01
9.771248439696243737e-02
1.495209491764131760e-01
8.244487779225886936e-02
5.927739965125498889e-02
3.526001285391074380e-01
2.533668500109261812e-01
4.124143827988405869e-02
2.356634925947563020e-01
1.537668516066411917e-01
1.047179883525034272e-01
3.287324386927077957e-01
1.518457160047312071e-01
4.583286936087075519e-02
2.717180077634369639e-01
5.061743752965257581e-01
1.747061926644332408e-01
3.406969364922186050e-01
2.279624433289394458e-01
5.481349658174194950e-01
1.620817855835609278e-01
1.696243221883171337e-01
1.732939735089151501e-01
4.925253650310245090e-01
3.080581925164288526e-01
2.132816632478176655e-01
1.278514239008863573e-01
3.366345427604053309e-01
7.372964337742445029e-02
5.641637790061433400e-01
2.929898693239012530e-01
1.586070556439953538e-01
1.799088342538467944e-01
4.143575019977981944e-01
5.513215824993438208e-01
1.902691031577116998e-01
1.689054275835780994e-01
3.244866990344337232e-01
5.542776559315009122e-01
1.585038557209577648e-01
2.705254061461329629e-01
3.020308408651258270e-01
1.092590505152030850e-01
2.908183994416617679e-01
2.376695393606677587e-01
1.774901244754204244e-01
3.095064502848951515e-01
2.443075971917476885e-01
0.000000000000000000e+00
3.732937956467905494e-01
3.160382190075280984e-01
3.418120927545936771e-01
1.296488799549444515e-01
2.376697949713019453e-01
6.713861269084576977e-02
1.078109587555852317e-01
1.078737245188939320e-01
2.020776926746070123e-01
1.540570198626186049e-01
2.536278184661566182e-01
3.161819874875819725e-01
3.341898693681454313e-01
2.549820018408747169e-01
1.856158203987056388e-01
1.868243560575131301e-01
2.792606329420894151e-01
1.730175114468369413e-01
2.180974985366624375e-01
2.437103208476700533e-01
1.968116791869400362e-01
5.102185869196926848e-01
2.219020606127481698e-01
2.105946635123305821e-01
2.713678357215706383e-01
3.489312581491014753e-01
1.641368158191264248e-01
2.405018907979138421e-01
1.119726938509385400e-01
4.556966976160173877e-01
8.100427037595642199e-02
4.592755982280046778e-01
3.239215603229369522e-01
2.005446515820277498e-01
3.710476340918482663e-01
4.289497331885184228e-01
2.048001338314530406e-01
2.616324384594795327e-01
2.928714498777900133e-01
3.252561334725388442e-01
2.748034054295698803e-01
7.166224297231772455e-01
2.240471742564259239e-01
6.597052009981081711e-02
4.161818180780049725e-01
3.940835927600792599e-01
7.086301004575402684e-01
8.612235230041687117e-02
4.027408904108170096e-01
2.668323655118550741e-01
2.738018094636853195e-01
5.681520990652864089e-01
2.957008725034576679e-01
2.743499700358654758e-01
0.000000000000000000e+00
2.104228170669754094e-01
5.555555555555555247e-02
4.571301203266783242e-01
3.690804131421273060e-01
