5.481057220600220325e-02
4.589953215929507696e-02
9.956740429839301687e-02
3.444019962140766611e-02
1.345295477404957196e-01
1.727710660916912944e-01
5.661245815255975394e-02
9.787411276282309558e-02
9.287063241586219695e-03
2.324248596702292724e-01
1.833184026622406704e-01
2.073086216901093570e-01
1.248050682261208216e-01
4.457381698761007233e-02
1.185410850314980447e-01
1.391951006124233226e-01
8.877066609369335670e-02
1.486112035958904731e-01
1.679975301080831041e-01
6.583018841971374768e-02
1.213789560897500786e-01
7.967193730279338582e-02
4.546183068064484079e-02
5.627222562844880205e-02
8.610221205186872895e-02
2.189904472605794239e-01
8.154955247418067821e-02
1.059459407181175261e-01
8.664540117336735903e-02
1.083147808876227802e-01
1.005520843881457377e-01
1.199695001967729380e-01
6.519504327597434867e-02
9.007111436950140937e-02
9.080903955903991964e-02
8.687938992574781305e-02
1.991781001752691016e-01
4.940804490299811197e-02
9.807602003390059053e-02
2.619753598442606246e-01
1.488367622167578175e-01
3.121692835571243663e-01
1.312315934702345255e-01
1.628743961352656366e-01
6.804546866222896395e-02
8.247691677743866634e-02
9.768421668421665982e-02
4.027750640641533653e-02
2.907407407407407510e-02
1.058803579561386210e-01
6.684561965811960937e-02
1.183715711081964606e-01
1.200874982124983531e-01
1.094654131197241587e-01
3.176254823749442013e-01
2.192864814518303562e-01
9.423629283875319118e-02
8.203339560768592442e-02
7.500441397933221843e-02
1.025140210525571915e-01
1.005128205128204694e-01
8.802584163625790104e-02
1.802204422076773005e-01
1.375394393371924262e-01
1.023570506046730944e-01
1.139537712895376392e-01
1.530363227407721405e-01
1.569784341303331887e-01
1.857332322849565218e-02
8.014518349852081669e-02
4.821783785978157183e-02
1.786407862684635806e-01
1.113036748316148933e-01
8.874298466702379429e-02
5.304325946484152871e-02
1.775163398692809202e-01
1.166177950863752227e-01
5.569642542701180865e-02
9.956913204663431216e-02
1.593049445564419242e-01
2.214101144333700810e-01
1.298665474606077452e-01
1.191668125380876964e-01
8.452625534301017041e-02
1.078474618606923841e-01
4.444182911111661805e-02
2.832989463838682040e-02
1.049821546409928086e-01
1.204058212502237407e-01
1.416375688206318595e-01
1.037202265521593170e-01
9.007838278870869408e-02
3.078335579348658868e-01
2.857142857142857401e-02
5.863741874145177169e-02
2.513322345831618954e-01
5.483160906889715525e-02
1.198882314266928734e-01
5.705967109636449902e-02
8.263459335624299962e-02
9.602770971703021574e-02
7.065873061260073695e-02
8.795084272211053933e-02
3.812770562770562144e-02
1.278060743255989007e-01
1.120396807836886444e-01
9.154883796522018946e-02
1.161869539148258218e-01
5.809243147160630255e-02
5.661120981480258219e-02
9.941609545569941864e-02
7.086441533235351975e-02
2.322866344605475225e-02
6.100542223747296849e-02
2.507966303982572809e-02
3.633972031954101761e-02
1.252917505030179401e-01
8.490086741016103500e-02
6.596298576902030752e-02
1.700546279117708670e-01
2.350294985250736546e-01
9.349794238683127590e-02
8.881094265469992310e-02
2.095077355836850452e-01
1.125051120231845003e-01
1.618846471950220189e-01
1.376756400234509792e-01
7.178367928367924977e-02
2.091447948388654721e-01
2.625766871165642891e-01
1.334440170074912835e-01
9.755316391941391829e-02
3.321536897024354729e-01
9.701227777480481151e-02
2.980547391097576049e-01
8.239569313593540778e-02
1.547567470070953244e-01
8.946398704109745359e-02
2.747000733265476669e-01
1.664681425630329392e-01
1.885061813186812985e-01
1.105797421685274506e-01
1.382582955279886838e-01
2.088617021276598651e-01
2.550776583034648076e-02
1.928571428571428381e-01
6.215047909407664384e-02
1.006038026721480100e-01
9.155555555555555669e-02
1.408239700374531722e-01
5.259051186017479201e-02
1.768629723275740029e-02
2.172326096174778676e-01
7.805162651369638993e-02
1.762636900028081155e-01
1.258502380941626531e-01
1.232950191570881399e-01
1.361665436236870474e-01
1.527236708572309032e-01
5.014575316658648890e-02
1.016567379792826936e-01
1.042796042796042683e-01
2.155604519159275839e-02
1.348765995031556697e-01
3.052028218694889938e-01
1.122701217988537892e-01
1.771553005945338266e-01
1.100029761904761372e-01
2.261916164933404708e-02
7.198055641741644972e-02
2.579775280898877754e-01
8.081917011177452981e-02
6.815036249241485100e-02
2.019099086058473158e-01
3.654801842954991803e-02
1.266786426075376844e-02
1.226950354609928906e-01
1.169183194711025109e-01
3.010119249555867280e-02
1.313177795587738006e-01
1.069848975188780471e-01
2.431218923874980606e-02
1.475265582128400532e-01
4.702319613759314842e-02
8.059603330420966882e-02
1.238548365927286399e-01
6.958594588487823640e-02
8.904824589567404691e-02
1.253715389375125999e-01
1.136200227339469876e-01
8.162928746411231284e-02
1.616102756892230652e-01
5.514067704256952335e-02
6.428544602659162777e-02
1.021211561984084609e-01
1.141396959205178696e-01
8.421015666008706269e-02
1.607643856210170530e-01
1.500560702096538634e-01
1.704183762277758640e-01
8.442982456140349368e-02
1.377260981912144799e-01
1.095446512180629911e-01
1.632235512931246302e-01
8.410596026490065047e-02
7.075868188210560072e-02
2.583262808758734486e-01
8.092948717948730830e-02
1.393034825870645976e-01
8.712184452751364772e-02
1.054091038186465296e-01
3.190722260195935078e-01
1.541567859686992503e-01
6.876619508562910321e-02
2.245197293935754720e-02
8.498575498575500209e-02
3.807036076699001070e-02
5.495031109901482580e-02
8.917333333333331280e-02
4.094588449295131355e-02
8.478830760146804923e-02
3.420368389780153312e-02
1.289272030651341105e-01
3.773992451673191528e-02
4.005081300813007061e-02
1.027514402890344763e-01
9.063412449619334676e-02
2.217391304347826608e-01
1.529610099073185070e-01
2.248936866208700591e-02
6.044624746450300706e-02
1.408450704225352144e-02
6.991379310344827958e-02
8.897165654569294535e-02
1.078098417998250153e-01
2.926607519464665130e-01
3.263635153572263387e-02
1.260436747497294396e-01
2.807635070878369277e-01
6.719077568134172729e-02
5.478196600147815926e-02
1.343699011471846116e-01
5.807478122513921870e-02
4.059405940594058848e-02
1.182124273033363232e-01
1.400778210116732612e-02
7.696548607580640244e-02
1.947631352282515604e-01
1.402116402116402108e-02
1.673809523809523248e-01
1.199751346871114413e-02
1.464807436918989791e-01
5.737311385459527985e-02
1.550102249488751749e-01
9.860374255890309858e-02
1.726833671857368468e-01
3.200000000000000067e-02
3.405859065716554945e-01
1.190940766550522556e-01
7.425437365515953625e-02
8.620689655172414367e-02
5.251875669882100084e-02
3.871462966936043554e-02
1.483695113489939821e-01
1.618424215111911590e-01
7.511737089201878104e-02
6.352646061948410972e-02
2.764568764568764436e-02
3.817909951819238590e-02
1.206539100434449313e-01
7.044479330193620381e-02
8.476821192052980125e-02
1.125117161989174497e-01
2.110552763819095456e-01
1.931363049095606230e-02
7.235182914367457863e-02
1.535000000000000253e-01
8.834360344052859249e-02
1.102093680007790039e-01
9.870129870129870642e-02
6.698113207547169712e-02
2.079347826086954398e-01
1.307913832199545934e-01
3.727034120734908779e-02
5.017952635599692152e-02
7.083874958728580973e-02
1.619891357308370639e-01
1.295761078998073357e-01
2.406533333333332747e-01
2.883370288248340851e-01
7.375543508135408433e-02
4.161725067385444593e-02
8.804347826086954265e-02
4.041950113378683929e-02
8.983641727004555710e-02
4.211838006230529674e-02
4.117647058823529355e-02
1.274867026845918072e-01
1.524213075060532607e-01
1.978021978021977934e-02
9.100899100899101368e-02
6.614583333333333426e-02
5.378151260504200615e-02
1.185123966942148721e-01
9.709090909090907495e-02
2.086167800453514812e-02
1.444237918215613148e-01
2.745131888675633736e-01
1.032744847419716644e-01
1.662447257383966037e-01
8.635375923511513785e-02
2.814851485148514576e-01
7.238095238095237915e-02
8.235897435897433783e-02
1.000526315789473791e-01
2.266802721088433947e-01
1.595141419844977315e-01
1.147631695440459870e-01
3.475439895623967657e-02
1.852472089314193548e-01
4.062500000000000139e-02
2.606280258404903849e-01
1.374149659863945216e-01
7.543372657876480647e-02
8.219696969696971278e-02
1.453755431409061438e-01
2.942432683379759828e-01
9.328712617122321415e-02
7.953974895397490641e-02
1.935087459965508794e-01
2.538461538461538880e-01
1.000000000000000056e-01
1.122608331588862973e-01
1.038534213099819165e-01
5.743657042869640406e-02
1.759493670886075889e-01
5.425545758860216006e-02
9.956521739130437532e-02
1.486015944839473579e-01
1.257894736842105066e-01
0.000000000000000000e+00
2.434343434343433643e-01
1.392251630226313819e-01
1.767936507936508084e-01
3.727735368956743706e-02
1.360406091370558179e-01
3.820754716981132615e-02
4.974229691876749099e-02
4.002991790284609469e-02
1.144637868042123474e-01
1.222222222222222321e-01
1.000493827160494065e-01
1.548115343512833364e-01
1.395494101415155619e-01
1.440251572327043983e-01
9.248263888888889894e-02
1.460526315789473784e-01
9.563964474678761374e-02
1.013698630136986162e-01
9.930555555555556357e-02
1.022765885151206700e-01
8.903913630229419451e-02
2.166666666666667296e-01
1.448930296756383296e-01
1.251028806584362219e-01
9.621490641711218095e-02
1.263794974538776372e-01
5.795698924731183116e-02
1.460467576430762859e-01
7.594936708860759722e-02
3.040909090909091339e-01
5.850340136054422990e-02
1.563768115942029413e-01
1.414192354309299349e-01
1.001333333333332687e-01
1.567567567567567377e-01
1.371938775510204434e-01
6.683982683982683803e-02
1.404678362573099359e-01
9.990615224191860821e-02
1.627831715210355801e-01
1.099774774774774644e-01
2.489230769230769136e-01
1.632183908045977405e-01
9.142857142857142849e-02
1.233259204348899629e-01
1.980427764326069817e-01
3.833333333333333037e-01
6.382978723404254817e-02
1.812225599459642289e-01
1.427536231884058149e-01
1.304347826086956486e-01
3.394594594594594894e-01
1.726086956521739324e-01
7.980769230769231559e-02
0.000000000000000000e+00
1.446913580246913522e-01
2.777777777777777624e-02
5.000000000000000000e-01
2.600000000000000089e-01
