5.606867907182321031e-02
4.673388024532293405e-02
1.020575099947221009e-01
3.483947819518289080e-02
1.370910612899931824e-01
1.753264341566682372e-01
5.810399756469199206e-02
1.007929898769595739e-01
9.350413712096468724e-03
2.347500173481096852e-01
1.862112620225897519e-01
2.111191664886525876e-01
1.273879142300196055e-01
4.541621639322787618e-02
1.214232502805540348e-01
1.405452159389168065e-01
9.313617693697150146e-02
1.517260196361377989e-01
1.685490499959584609e-01
6.758211712394135429e-02
1.234439333812807071e-01
8.255400585353966925e-02
4.698588723468814093e-02
5.705506939412516298e-02
8.837310667974286604e-02
2.219922366935991320e-01
8.302140590586290503e-02
1.081136889352211777e-01
8.864431628138215447e-02
1.108114589603542283e-01
1.019345487470136175e-01
1.229744803677808584e-01
6.620898756520611494e-02
9.019212306510702992e-02
9.306971247641530887e-02
8.827011840256861197e-02
2.008037184207645265e-01
5.102180979163703500e-02
1.001467390840095617e-01
2.640522297730009682e-01
1.518936616879891233e-01
3.152755487982382143e-01
1.344934237601223270e-01
1.646139186900058837e-01
7.017283524928850935e-02
8.419334476316096827e-02
1.002793865293865605e-01
4.085730352605718152e-02
2.888888888888889103e-02
1.082852301686123703e-01
6.684330994675823090e-02
1.211031519701418341e-01
1.212325431075431670e-01
1.077899579792155060e-01
3.187785039737308646e-01
2.225346550760624043e-01
9.689365530832073914e-02
8.296877826058535188e-02
7.738419795399083256e-02
1.048104073327984082e-01
1.008547008547008433e-01
9.000678090227406947e-02
1.828725414359844148e-01
1.410290326956993578e-01
1.052528276779774591e-01
1.168317692040319461e-01
1.557554492441039495e-01
1.592960953720445327e-01
1.905170408864992684e-02
8.257919281465760097e-02
4.936965563564029574e-02
1.834893415206430844e-01
1.132972775376595714e-01
8.932505337136489865e-02
5.360458013170903840e-02
1.816993464052286122e-01
1.188408252067526399e-01
5.597056139845373035e-02
1.000488759387159615e-01
1.610378822187557568e-01
2.208440999138672201e-01
1.332269886518139546e-01
1.203258914558583415e-01
8.589645150651122052e-02
1.102297004722585516e-01
4.625285254106666077e-02
2.903290143324808309e-02
1.065559011157662384e-01
1.225322562246325686e-01
1.460845076177437751e-01
1.050927037481660803e-01
9.383857102383565130e-02
3.100951229769590145e-01
2.857142857142856707e-02
5.956191013966001535e-02
2.533599280818070731e-01
5.605449164771197923e-02
1.228248959018192338e-01
5.819519325580060909e-02
8.343453595121262667e-02
9.999864404884853397e-02
7.146787786992368774e-02
9.011271896179735841e-02
3.980874374543205002e-02
1.299442602923078782e-01
1.132831534077938102e-01
9.226393629124000906e-02
1.178646119605199771e-01
5.924966759937288358e-02
5.870851912568790520e-02
1.006900690069006954e-01
7.254918863335944879e-02
2.358573128894488752e-02
6.288039665928922550e-02
2.508493001766544037e-02
3.729460749373323530e-02
1.285953818146980121e-01
8.785478255738474185e-02
6.792556102900949855e-02
1.711193017151767803e-01
2.418141592920352856e-01
9.399176954732514633e-02
8.961413918351723851e-02
2.123970263210772924e-01
1.138132888697648837e-01
1.642123524925835909e-01
1.427672919525738437e-01
7.299145299145304300e-02
2.096621540431050923e-01
2.638036809815950678e-01
1.356900152557168615e-01
9.994444444444466891e-02
3.344608082371730018e-01
9.779400367863981536e-02
3.012853708968283306e-01
8.460275704555668408e-02
1.577950147086545629e-01
9.042571903596771654e-02
2.770132207618426490e-01
1.733171127331711858e-01
1.902070443562043356e-01
1.123291678899154961e-01
1.412071043779301316e-01
2.118642350557244647e-01
2.610513739545997081e-02
2.026785714285714579e-01
6.331361304684479663e-02
1.017585931254997023e-01
9.636363636363634577e-02
1.415730337078651702e-01
5.455097337119809570e-02
1.876832507363480201e-02
2.198508141689967665e-01
7.878485386030380233e-02
1.777152834008097204e-01
1.275105940120103698e-01
1.253639846743295760e-01
1.368071452469949156e-01
1.565318360393064268e-01
5.110518982046756420e-02
1.035401199742717326e-01
1.049671466338133047e-01
2.231720005508157009e-02
1.381564608743032496e-01
3.087742504409168309e-01
1.136761451737973161e-01
1.825962831293320154e-01
1.106942287784679346e-01
2.318672407573269673e-02
7.416769805848301422e-02
2.593632958801499466e-01
8.057550702245232233e-02
6.912024250402340475e-02
2.026954506647153098e-01
3.864950933845464481e-02
1.276884263639230591e-02
1.241134751773049355e-01
1.201327782901680796e-01
3.013033072621372835e-02
1.329227568606652643e-01
1.095199568500539039e-01
2.515893967449309848e-02
1.511206402086699152e-01
4.734111451608286752e-02
8.190843184402563093e-02
1.260301626885168280e-01
7.189735432617988531e-02
9.211269297771372544e-02
1.260728414172689327e-01
1.159332892217271316e-01
8.294422000857494537e-02
1.630555555555557867e-01
5.637369166780926283e-02
6.490203693564072784e-02
1.046856456943606323e-01
1.156625663964216399e-01
8.525749208096672360e-02
1.616007548803247984e-01
1.517681076981420296e-01
1.739086201290637457e-01
8.626644736842105365e-02
1.407056826190021814e-01
1.123925424283320762e-01
1.681758583926288297e-01
8.425312729948492008e-02
7.378888489664003902e-02
2.601484085731459173e-01
8.173076923076925959e-02
1.424129353233830053e-01
8.940656976571910441e-02
1.060304837640822645e-01
3.221904641987742290e-01
1.581194380061236859e-01
7.137225976333237687e-02
2.300093967182277599e-02
8.384371619665736963e-02
3.871499910825752094e-02
5.667142915693038074e-02
9.190158730158738687e-02
4.235137438331401660e-02
8.409432205553291073e-02
3.576951331496788788e-02
1.316091954022988453e-01
3.869569299855852434e-02
4.047135114208284812e-02
1.039742673436281767e-01
9.291643860609380412e-02
2.246376811594203160e-01
1.537523734325944025e-01
2.228491985606803269e-02
6.112237998647730708e-02
1.408450704225352144e-02
6.951879889886987407e-02
9.288503242488065081e-02
1.100809550308716050e-01
2.940047503365858517e-01
3.306752851702906421e-02
1.310194823622559124e-01
2.827584482763548790e-01
6.850973665624064679e-02
5.537286069436844760e-02
1.386369884443813538e-01
5.918570292078642603e-02
4.207920792079208189e-02
1.234920038639047563e-01
1.426718547341114529e-02
7.850176053023032174e-02
1.975267626430417811e-01
1.428571428571428353e-02
1.683822350489016795e-01
1.463957630296213244e-02
1.501992031872509126e-01
5.958749755046046509e-02
1.558972724616896066e-01
1.025041594367057524e-01
1.749080097730415506e-01
3.200000000000000067e-02
3.436924121009626854e-01
1.215253581107239161e-01
7.516917703558187447e-02
8.620689655172414367e-02
5.423365487674169233e-02
4.170820870721168860e-02
1.463790446841294335e-01
1.663675372768775584e-01
7.711267605633802258e-02
6.480450926803996148e-02
2.955630638557473280e-02
3.858891288696903593e-02
1.212209302325580607e-01
7.266277939747327330e-02
8.846578366445916053e-02
1.155189809664242673e-01
2.148659966499162355e-01
1.935292850990523103e-02
7.395428843926694917e-02
1.538888888888889916e-01
9.251928460959582545e-02
1.117156077278777526e-01
9.956709956709955400e-02
6.800314465408804909e-02
2.094151138716356109e-01
1.294020253604089010e-01
3.700787401574802404e-02
5.127486892192772983e-02
7.135082523166948187e-02
1.640567731972090437e-01
1.343029802567375086e-01
2.417809523809524574e-01
2.907084785133563498e-01
7.469316373065218451e-02
4.180892482779277608e-02
8.967391304347820113e-02
4.097222222222222238e-02
9.018039482641250493e-02
4.245660881174900814e-02
4.117647058823530049e-02
1.320873644092644128e-01
1.547787193973634567e-01
2.106227106227106030e-02
9.705710955710951382e-02
6.727430555555558023e-02
5.468854208350007462e-02
1.172494172494172038e-01
9.769696969696964328e-02
2.135298563869992769e-02
1.482032218091697551e-01
2.769481636601217045e-01
1.049575278265963696e-01
1.679324894514767352e-01
8.818267419962329268e-02
2.842762847713344310e-01
7.301587301587300627e-02
8.333333333333334259e-02
1.030314422419685433e-01
2.316825396825396288e-01
1.647879020408668238e-01
1.156223590486538527e-01
3.516626115166258254e-02
1.893562577773104383e-01
4.166666666666667129e-02
2.642870939259039931e-01
1.392290249433106031e-01
8.161367894192318728e-02
8.270202020202017945e-02
1.514728288471305362e-01
2.977715877437325243e-01
9.588948787061993273e-02
8.316729760244402636e-02
1.974709843002526166e-01
2.538461538461537770e-01
1.004016064257027968e-01
1.124845030726281947e-01
1.060677740740365305e-01
5.886872836547605431e-02
1.824894514767932685e-01
5.961495311361263150e-02
9.855072463768113633e-02
1.510369532428355033e-01
1.287719298245614263e-01
0.000000000000000000e+00
2.457912457912457549e-01
1.395869952831977900e-01
1.787727272727272776e-01
4.010172771398633901e-02
1.374788494077834600e-01
3.852201257861635059e-02
5.171614297893070700e-02
4.158335525738837690e-02
1.151686670303691123e-01
1.242283950617283916e-01
1.003334936668270061e-01
1.579953054848452776e-01
1.450265195330989465e-01
1.465408805031447326e-01
9.471726190476187357e-02
1.480263157894737003e-01
8.766018484688564705e-02
1.031202435312024157e-01
9.953703703703702110e-02
1.036875968068629722e-01
8.869455680931090380e-02
2.202380952380951495e-01
1.458968567664219451e-01
1.267489711934156604e-01
9.715309200603312878e-02
1.293438884347974660e-01
6.270353302611364477e-02
1.474174487313174020e-01
7.594936708860759722e-02
3.057575757575758946e-01
5.895691609977322944e-02
1.621739130434782239e-01
1.431103760185395979e-01
1.037952380952380238e-01
1.602316602316602168e-01
1.369992441421012397e-01
6.977336389101095049e-02
1.406015037593985328e-01
1.014077163712199386e-01
1.656957928802588742e-01
1.137652358240593270e-01
2.453333333333333199e-01
1.681992337164750773e-01
9.555555555555553249e-02
1.286384976525822843e-01
1.999999999999999278e-01
4.000000000000000777e-01
6.382978723404254817e-02
1.824629271437782085e-01
1.467391304347825942e-01
1.304347826086956486e-01
3.436293436293436088e-01
1.692546583850931541e-01
8.653846153846155020e-02
0.000000000000000000e+00
1.480011757789535531e-01
2.777777777777777624e-02
5.000000000000000000e-01
2.666666666666666630e-01
