1.516381744295358658e-03
2.119918586686253548e-03
1.588753191754221916e-03
1.575849833898246288e-03
3.059956012293696404e-03
3.140571061521768570e-03
2.335319062694907188e-03
2.193120541051030159e-03
7.790648960508406162e-04
3.371772356331348419e-03
2.626902889460325241e-03
2.362620085477828979e-03
2.411599736660718918e-03
1.433752826415002346e-03
2.126970328390598297e-03
3.135766135528683662e-03
3.854831913486123085e-03
1.915524015203118324e-03
3.181884996592998505e-03
2.816948574036359787e-03
2.529261633753776550e-03
2.621128689497709274e-03
2.129782922565937042e-03
2.050315029919147491e-03
2.651249989867210388e-03
3.448290983214974403e-03
1.962619367986917496e-03
2.524381270632147789e-03
2.492188476026058197e-03
2.683087484911084175e-03
2.786810975521802902e-03
2.460618503391742706e-03
1.707274699583649635e-03
2.080620732158422470e-03
1.886749407276511192e-03
1.741764717735350132e-03
3.713424783200025558e-03
1.968922792002558708e-03
1.621600356884300709e-03
2.876390237361192703e-03
2.793063642457127571e-03
3.400960005819797516e-03
2.586909336969256401e-03
3.353112842887639999e-03
1.776016317307949066e-03
1.919189351610839367e-03
2.930988324806094170e-03
8.680931059643626213e-04
8.974147494882345200e-04
2.871123142540454865e-03
2.573141595348715782e-03
3.404020564630627632e-03
2.976283663883805275e-03
1.663748756982386112e-03
3.379175905138254166e-03
3.077874658629298210e-03
3.186714369803667068e-03
2.001326531171798706e-03
1.934257103130221367e-03
2.629155293107032776e-03
1.441751723177731037e-03
1.751326490193605423e-03
4.597168415784835815e-03
2.215726766735315323e-03
2.741784555837512016e-03
2.479436341673135757e-03
2.055432414636015892e-03
3.166487673297524452e-03
1.079732319340109825e-03
3.489162540063261986e-03
1.895085675641894341e-03
6.199952214956283569e-03
4.923817235976457596e-03
2.225039992481470108e-03
1.489401562139391899e-03
3.036819631233811378e-03
3.119475441053509712e-03
1.668304204940795898e-03
2.389707136899232864e-03
2.453726483508944511e-03
3.559341887012124062e-03
3.061532508581876755e-03
3.142251633107662201e-03
2.118438715115189552e-03
2.727568615227937698e-03
2.423412166535854340e-03
1.154912868514657021e-03
3.006179584190249443e-03
2.263845177367329597e-03
2.291702199727296829e-03
1.836667768657207489e-03
2.948114881291985512e-03
2.557829720899462700e-03
1.545649836771190166e-03
1.679904875345528126e-03
3.470873460173606873e-03
1.350070000626146793e-03
2.681560348719358444e-03
2.637577475979924202e-03
1.995975850149989128e-03
3.080431837588548660e-03
2.484181197360157967e-03
1.876163063570857048e-03
1.143526518717408180e-03
3.180309897288680077e-03
2.715593203902244568e-03
2.214320702478289604e-03
2.027061302214860916e-03
1.617768080905079842e-03
2.916719298809766769e-03
2.789661753922700882e-03
1.697714789770543575e-03
1.276680035516619682e-03
2.810458885505795479e-03
1.305105048231780529e-03
1.296853879466652870e-03
2.689621411263942719e-03
2.764237346127629280e-03
1.985191367566585541e-03
3.834538394585251808e-03
2.997850766405463219e-03
1.543004764243960381e-03
1.727013266645371914e-03
3.457352751865983009e-03
1.772446441464126110e-03
2.796535147354006767e-03
3.718798281624913216e-03
1.844362006522715092e-03
3.341561881825327873e-03
4.010164644569158554e-03
2.583578694611787796e-03
2.162206452339887619e-03
3.447059076279401779e-03
2.239022403955459595e-03
2.555797575041651726e-03
2.030037343502044678e-03
1.778485020622611046e-03
2.127484651282429695e-03
3.128674579784274101e-03
3.483700100332498550e-03
3.753813682124018669e-03
1.871268614195287228e-03
2.526571042835712433e-03
2.503527561202645302e-03
1.680351560935378075e-03
3.263871185481548309e-03
1.579303992912173271e-03
2.136029768735170364e-03
2.195819979533553123e-03
2.333868760615587234e-03
1.305692130699753761e-03
1.262753386981785297e-03
3.752032760530710220e-03
2.544150920584797859e-03
4.084246698766946793e-03
2.320674946531653404e-03
1.748032635077834129e-03
1.523186918348073959e-03
2.371066249907016754e-03
2.720951801165938377e-03
2.253929851576685905e-03
1.912865904159843922e-03
6.718492950312793255e-04
2.393626375123858452e-03
3.453443059697747231e-03
3.196997102349996567e-03
3.638081252574920654e-03
2.134219510480761528e-03
1.069003366865217686e-03
1.786641543731093407e-03
2.727054990828037262e-03
2.699427306652069092e-03
1.837664167396724224e-03
3.670213511213660240e-03
2.655150135979056358e-03
1.336649293079972267e-03
2.778222784399986267e-03
2.272753510624170303e-03
1.127722905948758125e-03
2.827002899721264839e-03
2.385305939242243767e-03
1.297847949899733067e-03
3.765081521123647690e-03
1.662394846789538860e-03
3.205468179658055305e-03
2.771386876702308655e-03
2.421820070594549179e-03
2.690942026674747467e-03
3.530614078044891357e-03
2.988223684951663017e-03
1.868725405074656010e-03
2.711463253945112228e-03
2.602001419290900230e-03
1.859296229667961597e-03
2.243728144094347954e-03
2.507379278540611267e-03
1.398781663738191128e-03
3.123230068013072014e-03
2.596065634861588478e-03
4.071621689945459366e-03
1.430894131772220135e-03
2.503866096958518028e-03
2.401283243671059608e-03
4.785687196999788284e-03
1.509859925135970116e-03
2.870971104130148888e-03
5.867660045623779297e-03
1.214994234032928944e-03
2.083495724946260452e-03
2.494699787348508835e-03
1.811012043617665768e-03
5.644671153277158737e-03
2.858942840248346329e-03
2.071556402370333672e-03
2.453263150528073311e-03
2.411366440355777740e-03
1.067594042979180813e-03
2.029490889981389046e-03
2.030942123383283615e-03
1.564437057822942734e-03
2.670760732144117355e-03
1.479727099649608135e-03
2.371568698436021805e-03
1.573453075252473354e-03
1.442479318939149380e-03
2.147486433386802673e-03
2.621503314003348351e-03
3.013887908309698105e-03
3.330450505018234253e-03
9.259688085876405239e-04
1.234323717653751373e-03
1.879265299066901207e-03
2.270165830850601196e-03
3.027415834367275238e-03
1.732545788399875164e-03
1.161876041442155838e-02
1.210989430546760559e-03
3.089360892772674561e-03
2.698095049709081650e-03
1.608771737664937973e-03
1.711332588456571102e-03
2.100492594763636589e-03
1.420885208062827587e-03
1.636506640352308750e-03
2.492916770279407501e-03
1.712095225229859352e-03
1.453985110856592655e-03
3.713800106197595596e-03
1.265338505618274212e-03
2.755243796855211258e-03
1.012960798107087612e-03
2.373677911236882210e-03
1.797210192307829857e-03
2.746547572314739227e-03
2.891008276492357254e-03
3.450038842856884003e-03
1.267057843506336212e-03
8.267131634056568146e-03
2.395899733528494835e-03
2.237914362922310829e-03
1.707524876110255718e-03
1.655265456065535545e-03
1.867041224613785744e-03
4.146617837250232697e-03
3.407518612220883369e-03
2.101371763274073601e-03
1.822539023123681545e-03
2.122605685144662857e-03
1.207240158692002296e-03
3.167286049574613571e-03
1.545054838061332703e-03
2.341957995668053627e-03
2.803144976496696472e-03
2.683893078938126564e-03
1.043382566422224045e-03
2.298428444191813469e-03
2.456151647493243217e-03
2.703062258660793304e-03
2.708656480535864830e-03
2.232293365523219109e-03
1.817834912799298763e-03
3.053508931770920753e-03
2.485564677044749260e-03
1.274220179766416550e-03
1.434644917026162148e-03
3.346326295286417007e-03
2.247213153168559074e-03
3.415474435314536095e-03
4.679712001234292984e-03
3.032795619219541550e-03
1.458616927266120911e-03
1.826815307140350342e-03
2.451981185004115105e-03
1.586299389600753784e-03
2.098281169310212135e-03
2.380926394835114479e-03
2.175852656364440918e-03
3.159760963171720505e-03
2.648551249876618385e-03
1.471860101446509361e-03
3.011726774275302887e-03
2.515466650947928429e-03
1.092387945391237736e-03
2.444713842123746872e-03
1.956358319148421288e-03
1.312642823904752731e-03
2.295322949066758156e-03
3.086843993514776230e-03
1.749744988046586514e-03
2.712183631956577301e-03
2.525067189708352089e-03
4.940895829349756241e-03
2.039413200691342354e-03
2.278685336932539940e-03
2.877316670492291451e-03
3.555259900167584419e-03
4.321853630244731903e-03
2.231559483334422112e-03
1.489190617576241493e-03
3.483128733932971954e-03
2.106366911903023720e-03
4.860179498791694641e-03
2.518832217901945114e-03
1.898700837045907974e-03
1.718973158858716488e-03
3.229192225262522697e-03
4.148325417190790176e-03
2.842291258275508881e-03
2.337498357519507408e-03
3.333181841298937798e-03
3.722273744642734528e-03
1.582312164828181267e-03
2.699169795960187912e-03
2.462654840201139450e-03
1.894932589493691921e-03
2.870757365599274635e-03
3.112557576969265938e-03
2.122812438756227493e-03
2.764325356110930443e-03
2.248596167191863060e-03
2.686000661924481392e-03
3.143176669254899025e-03
2.627996029332280159e-03
2.999869873747229576e-03
2.005911199375987053e-03
1.896963105536997318e-03
1.430459669791162014e-03
1.847603358328342438e-03
1.801233505830168724e-03
3.168944036588072777e-03
2.108174143359065056e-03
2.210493898019194603e-03
3.125960240140557289e-03
3.363410010933876038e-03
2.606571651995182037e-03
1.958115259185433388e-03
2.309145173057913780e-03
2.783419098705053329e-03
1.907970407046377659e-03
2.224516589194536209e-03
1.809383858926594257e-03
3.119784640148282051e-03
2.765574259683489799e-03
3.174808807671070099e-03
2.417179057374596596e-03
2.265776507556438446e-03
3.135758917778730392e-03
2.520794048905372620e-03
3.351327497512102127e-03
2.382426755502820015e-03
3.321384778246283531e-03
1.585249905474483967e-03
2.931376453489065170e-03
3.140523796901106834e-03
1.971054589375853539e-03
2.859567524865269661e-03
2.618278609588742256e-03
2.433503046631813049e-03
2.174412831664085388e-03
2.577063161879777908e-03
2.838102634996175766e-03
2.453748136758804321e-03
3.082706127315759659e-03
2.700905315577983856e-03
2.388792112469673157e-03
3.054474946111440659e-03
3.140173153951764107e-03
2.704688347876071930e-03
1.898122602142393589e-03
3.270660294219851494e-03
2.515055006369948387e-03
2.688404405489563942e-03
2.928383648395538330e-03
2.814468229189515114e-03
2.908212598413228989e-03
2.252405043691396713e-03
2.862458582967519760e-03
2.256867708638310432e-03
2.838890999555587769e-03
2.772930543869733810e-03
